[PARAMS]
pnum=5
GUID={38E29DB4-A654-5D08-5555-936325F0B63A}
name_ru=Народная Карта Яндекс (Схема)
name=Yandex Narod Map (Scheme)
name_uk=Народная Карта Яндекс (Схема)
ParentSubMenu_ru=Яндекс
ParentSubMenu=Yandex
ParentSubMenu_uk=Яндекс
NameInCache=yanarodscheme2015
DefURLBase=https://01.rdr.um.maps.yandex.net/?l=mpmap&sl=104,210342,210370,211777,211818,211939,211993,212001,212015,212019,212026,212032,212081,212216,300024,300026,300028,300198,300270,300285,300292,300330,300336,300337,300344,300350,300351,300358,300364,300365,300371,300372,300379,300386,300392,300393,300400,300406,300407,300468,300472,300523,300641,300651,300661,300671,300931,300939,300954,300969,300993,301050,301084,301125,301135,301155,301164,301183,301275,301383,301388,301494,301501,301520,301596,301676,301685,301700,301773,302544&token=1444545311:18482354:core.1444545311:10507329:trunk&x=
ContentType=image/png
Ext=.png
projection=2
sradiusa=6378137
sradiusb=6356752
DefHotKey=55
DelAfterShow=0
