[PARAMS]
pnum=5
GUID={38E29DB4-A654-5D08-836C-936325F0B63A}
asLayer=1
name_ru=Народная Карта Яндекс
name=Yandex Narod Map
name_uk=Народная Карта Яндекс
ParentSubMenu_ru=Яндекс
ParentSubMenu=Yandex
ParentSubMenu_uk=Яндекс
NameInCache=yanarodmap2015
DefURLBase=https://01.rdr.um.maps.yandex.net/?l=mpskl&sl=104,210316,210318,210342,210370,210416,211777,211818,211939,211977,211993,212015,212017,212019,212026,212032,212040,212053,212081,212094,212216,300024,300026,300028,300170,300198,300207,300224,300231,300253,300270,300285,300288,300292,300330,300336,300337,300344,300350,300351,300358,300364,300365,300371,300372,300379,300386,300392,300393,300400,300406,300407,300447,300468,300472,300523,300641,300651,300661,300671,300931,300939,300954,300969,300993,301050,301084,301125,301135,301142,301297,301338,301352,301360,302544&token=1438162174:13421967:core.1438162174:7218299:trunk&x=
ContentType=image/png
Ext=.png
projection=2
sradiusa=6378137
sradiusb=6356752
DefHotKey=16439
DelAfterShow=0
